TYLER
66990 43108 15917 9754 9119 8313 6306 2078 1608 45 
449
25
0
177
163176
264
224
200
24
7
22793
6
4
4
WYATT
3228150 1225022 240509 167053 147995 101714 86183 55856 39556 8337 
685012
123
0
1406
5319345
790
597
573
24
12
34847
20
20
20
NG
5947 2025 1376 1302 639 0 -1 -1 -1 -1 
582
4
0
34
11289
168
60
60
0
3
3160
1
0
0
MCHAEL
2552 -1 -1 -1 -1 -1 -1 -1 -1 -1 
213
2
0
7
2552
33
28
27
1
4
1382
0
0
0
MIKE
102875 41224 36437 34378 21218 18504 15391 15239 11165 11062 
289
22
1
187
323575
418
388
358
30
7
6906
6
5
3
Empty
-1 -1 -1 -1 -1 -1 -1 -1 -1 -1 
0
0
0
0
0
0
0
0
0
0
0
0
0
0
Empty
-1 -1 -1 -1 -1 -1 -1 -1 -1 -1 
0
0
0
0
0
0
0
0
0
0
0
0
0
0
Empty
-1 -1 -1 -1 -1 -1 -1 -1 -1 -1 
0
0
0
0
0
0
0
0
0
0
0
0
0
0
Empty
-1 -1 -1 -1 -1 -1 -1 -1 -1 -1 
0
0
0
0
0
0
0
0
0
0
0
0
0
0
Empty
-1 -1 -1 -1 -1 -1 -1 -1 -1 -1 
0
0
0
0
0
0
0
0
0
0
0
0
0
0
